2 0.000000 100.000000 5791.461216
380 310 
1 -9.945219 0.000000 -9.945219 99.999013 -0.000002 0.000128 0.000020 
2 10.155219 0.000000 -9.945219 99.999011 -0.000011 -0.006041 0.000020 
3 10.155219 0.000000 10.053952 100.000997 0.000011 -0.006135 -0.000020 
4 -9.945219 0.000000 10.053952 100.000995 0.000002 0.000122 -0.000020 
5 0.105000 0.000000 0.054366 100.184254 0.000169 -0.308607 -0.003698 
6 -9.945219 0.000000 0.054366 100.000013 -0.000000 0.001313 -0.000000 
7 0.105000 0.000000 -9.945219 99.997191 -0.000007 -0.002968 0.000056 
8 10.155219 0.000000 0.054366 100.000013 0.001720 -0.760450 -0.000058 
9 0.105000 0.000000 10.053952 100.002833 -0.000003 -0.003055 -0.000057 
10 5.130109 0.000000 -4.945426 99.996084 -0.000002 -0.022354 0.000078 
11 0.105000 0.000000 -4.945426 99.988950 -0.000001 -0.010790 0.000221 
12 5.130109 0.000000 -9.945219 99.997993 -0.000010 -0.005285 0.000040 
13 10.155219 0.000000 -4.945426 99.999010 -0.000027 -0.023631 0.000020 
14 5.130109 0.000000 0.054366 100.000104 0.001720 -0.764604 -0.000061 
15 -4.920109 0.000000 -4.945426 99.996100 -0.000000 0.000719 0.000078 
16 -9.945219 0.000000 -4.945426 99.999013 -0.000001 0.000758 0.000020 
17 -4.920109 0.000000 -9.945219 99.997996 -0.000004 -0.000623 0.000040 
18 -4.920109 0.000000 0.054366 100.000104 -0.000000 0.005521 -0.000002 
19 5.130109 0.000000 5.054159 100.003985 0.000001 -0.023039 -0.000080 
20 0.105000 0.000000 5.054159 100.011227 0.000001 -0.011157 -0.000225 
21 10.155219 0.000000 5.054159 100.001009 0.000026 -0.024390 -0.000020 
22 5.130109 0.000000 10.053952 100.002024 0.000010 -0.005367 -0.000040 
23 2.617555 0.000000 -2.445530 99.984823 -0.000014 -0.080602 0.000303 
24 0.105000 0.000000 -2.445530 99.958148 -0.000008 -0.038572 0.000837 
25 2.617555 0.000000 -4.945426 99.992080 -0.000002 -0.019576 0.000158 
26 5.130109 0.000000 -2.445530 99.996108 -0.000015 -0.080858 0.000077 
27 2.617555 0.000000 0.054366 100.000796 0.001720 -0.780761 -0.000077 
28 -4.920109 0.000000 5.054159 100.003969 0.000000 0.000670 -0.000079 
29 -9.945219 0.000000 5.054159 100.001006 0.000001 0.000750 -0.000020 
30 -4.920109 0.000000 10.053952 100.002021 0.000004 -0.000642 -0.000040 
31 -2.407555 0.000000 -2.445530 99.984941 -0.000001 0.003091 0.000301 
32 -4.920109 0.000000 -2.445530 99.996133 -0.000000 0.003297 0.000077 
33 -2.407555 0.000000 -4.945426 99.992105 -0.000001 -0.002035 0.000158 
34 -2.407555 0.000000 0.054366 100.000796 -0.000001 0.021504 -0.000016 
35 2.617555 0.000000 2.554263 100.015701 0.000011 -0.084998 -0.000315 
36 0.105000 0.000000 2.554263 100.043011 0.000006 -0.040954 -0.000861 
37 5.130109 0.000000 2.554263 100.004037 0.000011 -0.085577 -0.000081 
38 2.617555 0.000000 5.054159 100.008053 0.000001 -0.020161 -0.000161 
39 1.361277 0.000000 -1.195582 99.945050 -0.000074 -0.238968 0.001093 
40 0.105000 0.000000 -1.195582 99.857122 -0.000041 -0.111415 0.002854 
41 1.361277 0.000000 -2.445530 99.969714 -0.000012 -0.070437 0.000605 
42 2.617555 0.000000 -1.195582 99.985252 -0.000079 -0.238035 0.000289 
43 1.361277 0.000000 0.054366 100.005566 0.001722 -0.839306 -0.000182 
44 -2.407555 0.000000 2.554263 100.015581 0.000000 0.002712 -0.000312 
45 -4.920109 0.000000 2.554263 100.004011 -0.000000 0.003240 -0.000080 
46 -2.407555 0.000000 5.054159 100.008027 0.000000 -0.002183 -0.000161 
47 -1.151277 0.000000 -1.195582 99.945784 -0.000007 0.014361 0.001084 
48 -2.407555 0.000000 -1.195582 99.985432 -0.000001 0.013148 0.000291 
49 -1.151277 0.000000 -2.445530 99.969895 -0.000003 -0.006902 0.000602 
50 -1.151277 0.000000 0.054366 100.005554 -0.000002 0.079001 -0.000112 
51 1.361277 0.000000 1.304315 100.058385 0.000064 -0.255997 -0.001175 
52 0.105000 0.000000 1.304315 100.147333 0.000035 -0.121291 -0.002950 
53 2.617555 0.000000 1.304315 100.015846 0.000068 -0.257359 -0.000324 
54 1.361277 0.000000 2.554263 100.031219 0.000009 -0.074133 -0.000625 
55 0.733139 0.000000 -0.570608 99.827559 -0.000248 -0.516974 0.003419 
56 0.105000 0.000000 -0.570608 99.590575 -0.000146 -0.220155 0.008167 
57 0.733139 0.000000 -1.195582 99.894322 -0.000063 -0.208040 0.002108 
58 1.361277 0.000000 -0.570608 99.949716 -0.000269 -0.497092 0.000981 
59 0.733139 0.000000 0.054366 100.033073 0.001732 -1.023855 -0.000766 
60 -1.151277 0.000000 1.304315 100.057630 0.000004 0.011626 -0.001153 
61 -2.407555 0.000000 1.304315 100.015663 0.000000 0.012700 -0.000313 
62 -1.151277 0.000000 2.554263 100.031033 0.000002 -0.007976 -0.000621 
63 -0.523139 0.000000 -0.570608 99.830749 -0.000034 0.071829 0.003382 
64 -1.151277 0.000000 -0.570608 99.950726 -0.000008 0.051229 0.000985 
65 -0.523139 0.000000 -1.195582 99.895335 -0.000019 -0.015696 0.002092 
66 -0.523139 0.000000 0.054366 100.032130 -0.000005 0.256489 -0.000649 
67 0.733139 0.000000 0.679340 100.191116 0.000221 -0.536481 -0.003855 
68 0.105000 0.000000 0.679340 100.404443 0.000129 -0.238131 -0.008111 
69 1.361277 0.000000 0.679340 100.057663 0.000238 -0.528424 -0.001182 
70 0.733139 0.000000 1.304315 100.110427 0.000055 -0.221361 -0.002215 
71 0.419069 0.000000 -0.258121 99.570355 -0.000534 -0.904214 0.008493 
72 0.105000 0.000000 -0.258121 98.996936 -0.000349 -0.298219 0.019952 
73 0.419069 0.000000 -0.570608 99.686804 -0.000212 -0.450422 0.006234 
74 0.733139 0.000000 -0.258121 99.860134 -0.000583 -0.810200 0.002730 
75 0.419069 0.000000 0.054366 100.164610 0.001743 -1.482594 -0.003515 
76 -0.523139 0.000000 0.679340 100.187358 0.000026 0.056088 -0.003751 
77 -1.151277 0.000000 0.679340 100.056619 0.000004 0.047806 -0.001133 
78 -0.523139 0.000000 1.304315 100.109394 0.000014 -0.022120 -0.002189 
79 -0.209069 0.000000 -0.258121 99.583379 -0.000101 0.284300 0.008307 
80 -0.523139 0.000000 -0.258121 99.864470 -0.000031 0.187537 0.002705 
81 -0.209069 0.000000 -0.570608 99.691741 -0.000075 0.006844 0.006156 
82 -0.209069 0.000000 0.054366 100.153814 0.000003 0.697444 -0.003127 
83 0.419069 0.000000 0.366853 100.476623 0.000432 -0.825914 -0.009623 
84 0.105000 0.000000 0.366853 100.868629 0.000278 -0.314847 -0.017458 
85 0.733139 0.000000 0.366853 100.180191 0.000473 -0.810506 -0.003673 
86 0.419069 0.000000 0.679340 100.322031 0.000189 -0.454422 -0.006472 
87 0.262035 0.000000 -0.101877 99.029053 -0.001058 -1.659318 0.019049 
88 0.105000 0.000000 -0.101877 97.710596 -0.000801 -0.337180 0.045253 
89 0.262035 0.000000 -0.258121 99.233130 -0.000471 -0.791032 0.015216 
90 0.419069 0.000000 -0.101877 99.706403 -0.001117 -1.307745 0.005692 
91 0.262035 0.000000 0.054366 99.866698 0.000127 -6.097655 -0.001054 
92 -0.209069 0.000000 0.366853 100.465873 0.000086 0.184295 -0.009343 
93 -0.523139 0.000000 0.366853 100.175222 0.000021 0.163750 -0.003510 
94 -0.209069 0.000000 0.679340 100.316571 0.000063 -0.024871 -0.006342 
95 -0.052035 0.000000 -0.101877 99.093039 -0.000235 0.952847 0.017966 
96 -0.209069 0.000000 -0.101877 99.720579 -0.000077 0.581797 0.005547 
97 -0.052035 0.000000 -0.258121 99.248746 -0.000199 0.184323 0.014965 
98 -0.052035 0.000000 0.054366 99.375961 -0.000228 9.337355 0.003723 
99 0.262035 0.000000 0.210610 101.027053 0.000639 -1.137869 -0.020776 
100 0.105000 0.000000 0.210610 101.556921 0.000459 -0.344947 -0.031393 
101 0.419069 0.000000 0.210610 100.466003 0.000699 -1.158712 -0.009476 
102 0.262035 0.000000 0.366853 100.728542 0.000375 -0.676232 -0.014670 
103 0.183517 0.000000 -0.023755 100.047125 0.000187 -4.278772 -0.002774 
104 0.105000 0.000000 -0.023755 100.122881 0.000148 -0.062824 -0.002460 
105 0.183517 0.000000 -0.101877 98.206731 -0.000985 -1.406298 0.035346 
106 0.262035 0.000000 -0.023755 99.899435 0.000125 -5.846769 -0.001408 
107 0.183517 0.000000 0.054366 100.012889 0.000163 -4.750176 -0.002514 
108 7.642664 0.000000 -2.445530 99.998618 -0.000015 -0.079505 0.000027 
109 7.642664 0.000000 -4.945426 99.998110 -0.000002 -0.022638 0.000038 
110 10.155219 0.000000 -2.445530 99.999376 -0.000015 -0.078771 0.000012 
111 7.642664 0.000000 0.054366 100.000031 0.001720 -0.761531 -0.000059 
112 3.873832 0.000000 -1.195582 99.994672 -0.000080 -0.232612 0.000101 
113 3.873832 0.000000 -2.445530 99.992609 -0.000015 -0.081574 0.000147 
114 5.130109 0.000000 -1.195582 99.997574 -0.000080 -0.229690 0.000043 
115 3.873832 0.000000 0.054366 100.000243 0.001720 -0.768862 -0.000064 
116 1.989416 0.000000 -0.570608 99.980850 -0.000274 -0.475897 0.000360 
117 1.989416 0.000000 -1.195582 99.972477 -0.000078 -0.241147 0.000545 
118 2.617555 0.000000 -0.570608 99.991052 -0.000275 -0.464584 0.000157 
119 1.989416 0.000000 0.054366 100.001815 0.001721 -0.796797 -0.000100 
120 1.047208 0.000000 -0.258121 99.940171 -0.000599 -0.738358 0.001142 
121 1.047208 0.000000 -0.570608 99.910181 -0.000262 -0.510977 0.001769 
122 1.361277 0.000000 -0.258121 99.971404 -0.000606 -0.689578 0.000524 
123 1.047208 0.000000 0.054366 100.012449 0.001726 -0.903293 -0.000331 
124 0.576104 0.000000 -0.101877 99.872293 -0.001142 -1.079233 0.002436 
125 0.576104 0.000000 -0.258121 99.764164 -0.000566 -0.862531 0.004637 
126 0.733139 0.000000 -0.101877 99.932102 -0.001156 -0.957639 0.001266 
127 0.576104 0.000000 0.054366 100.065451 0.001738 -1.170335 -0.001446 
128 0.340552 0.000000 -0.023755 99.830581 -0.003669 -1.810109 0.003058 
129 0.340552 0.000000 -0.101877 99.494049 -0.001095 -1.489044 0.009872 
130 0.419069 0.000000 -0.023755 99.911610 -0.003696 -1.470334 0.001551 
131 0.340552 0.000000 0.054366 100.316662 0.001745 -1.808500 -0.006670 
132 -0.052035 0.000000 0.210610 101.002646 0.000197 0.437042 -0.020173 
133 -0.209069 0.000000 0.210610 100.449237 0.000070 0.439178 -0.009024 
134 -0.052035 0.000000 0.366853 100.719196 0.000167 0.042258 -0.014436 
135 0.183517 0.000000 0.132488 101.911812 0.000861 -1.347667 -0.038783 
136 0.105000 0.000000 0.132488 102.380011 0.000689 -0.362087 -0.048180 
137 0.262035 0.000000 0.132488 101.121740 0.000923 -1.632377 -0.022827 
138 0.183517 0.000000 0.210610 101.388830 0.000571 -0.858994 -0.028043 
139 0.222776 0.000000 0.015306 99.974914 0.000133 -5.172798 -0.002174 
140 0.183517 0.000000 0.015306 100.047125 0.000187 -4.278772 -0.002774 
141 0.222776 0.000000 -0.023755 99.974914 0.000133 -5.172798 -0.002174 
142 0.262035 0.000000 0.015306 99.899435 0.000125 -5.846769 -0.001408 
143 0.222776 0.000000 0.054366 99.936169 0.000134 -5.539345 -0.001792 
144 0.026483 0.000000 -0.023755 99.791072 -0.000038 5.749142 0.000869 
145 -0.052035 0.000000 -0.023755 99.464471 -0.000175 8.807673 0.002924 
146 0.026483 0.000000 -0.101877 98.236141 -0.000481 0.767817 0.034907 
147 0.026483 0.000000 0.054366 99.729109 -0.000087 6.590152 0.001067 
148 0.144259 0.000000 0.015306 100.099961 0.000151 -3.104466 -0.002964 
149 0.105000 0.000000 0.015306 100.152680 0.000186 -0.229391 -0.003061 
150 0.144259 0.000000 -0.023755 100.073721 0.000168 -3.723158 -0.002861 
151 0.144259 0.000000 0.054366 100.073721 0.000168 -3.723158 -0.002861 
152 2.617555 0.000000 -7.445323 99.995756 -0.000001 -0.007897 0.000085 
153 0.105000 0.000000 -7.445323 99.995029 -0.000000 -0.004919 0.000099 
154 2.617555 0.000000 -9.945219 99.997435 -0.000008 -0.004314 0.000051 
155 5.130109 0.000000 -7.445323 99.997140 -0.000001 -0.009568 0.000057 
156 1.361277 0.000000 -3.695478 99.983438 -0.000004 -0.029917 0.000331 
157 0.105000 0.000000 -3.695478 99.980656 -0.000003 -0.018582 0.000387 
158 1.361277 0.000000 -4.945426 99.989901 -0.000002 -0.015928 0.000202 
159 2.617555 0.000000 -3.695478 99.988788 -0.000004 -0.036303 0.000224 
160 0.733139 0.000000 -1.820556 99.938824 -0.000023 -0.100894 0.001222 
161 0.105000 0.000000 -1.820556 99.929071 -0.000016 -0.062160 0.001418 
162 0.733139 0.000000 -2.445530 99.961628 -0.000010 -0.057164 0.000767 
163 1.361277 0.000000 -1.820556 99.957986 -0.000027 -0.122928 0.000839 
164 0.419069 0.000000 -0.883095 99.797923 -0.000102 -0.262762 0.004031 
165 0.105000 0.000000 -0.883095 99.773395 -0.000075 -0.155455 0.004525 
166 0.419069 0.000000 -1.195582 99.868137 -0.000054 -0.167640 0.002633 
167 0.733139 0.000000 -0.883095 99.860506 -0.000120 -0.320779 0.002778 
168 0.262035 0.000000 -0.414364 99.469750 -0.000280 -0.495251 0.010552 
169 0.105000 0.000000 -0.414364 99.398631 -0.000216 -0.259612 0.011984 
170 0.262035 0.000000 -0.570608 99.619369 -0.000182 -0.354072 0.007586 
171 0.419069 0.000000 -0.414364 99.616532 -0.000324 -0.621981 0.007616 
172 0.183517 0.000000 -0.179999 98.740684 -0.000591 -0.831025 0.024959 
173 0.105000 0.000000 -0.179999 98.576761 -0.000482 -0.315440 0.028252 
174 0.183517 0.000000 -0.258121 99.064867 -0.000418 -0.590284 0.018580 
175 0.262035 0.000000 -0.179999 99.089983 -0.000660 -1.098156 0.017997 
176 0.222776 0.000000 -0.062816 99.899435 0.000125 -5.846769 -0.001408 
177 0.183517 0.000000 -0.062816 99.974914 0.000133 -5.172798 -0.002174 
178 0.222776 0.000000 -0.101877 98.644088 -0.001029 -1.631589 0.026668 
179 0.262035 0.000000 -0.062816 99.146042 -0.001550 -2.085781 0.016571 
180 0.203147 0.000000 -0.004225 99.990653 0.000159 -4.947161 -0.002261 
181 0.183517 0.000000 -0.004225 100.037229 0.000173 -4.441840 -0.002718 
182 0.203147 0.000000 -0.023755 100.012889 0.000163 -4.750176 -0.002514 
183 0.222776 0.000000 -0.004225 99.974914 0.000133 -5.172798 -0.002174 
184 0.203147 0.000000 0.015306 100.012889 0.000163 -4.750176 -0.002514 
185 0.144259 0.000000 -0.062816 100.116558 0.000204 -3.605548 -0.003633 
186 0.105000 0.000000 -0.062816 100.236283 0.000176 -0.575349 -0.004764 
187 0.144259 0.000000 -0.101877 97.853090 -0.000915 -0.950336 0.042387 
188 0.163888 0.000000 -0.004225 100.075427 0.000168 -3.829793 -0.002976 
189 0.144259 0.000000 -0.004225 100.099961 0.000151 -3.104466 -0.002964 
190 0.163888 0.000000 -0.023755 100.047125 0.000187 -4.278772 -0.002774 
191 0.163888 0.000000 0.015306 100.079056 0.000166 -3.737868 -0.002979 
192 0.026483 0.000000 0.132488 101.899978 0.000403 0.656088 -0.038404 
193 -0.052035 0.000000 0.132488 101.070065 0.000185 0.905487 -0.021598 
194 0.026483 0.000000 0.210610 101.376417 0.000318 0.168862 -0.027721 
195 0.065741 0.000000 0.015306 99.899978 0.000002 3.997511 0.000401 
196 0.026483 0.000000 0.015306 99.804333 -0.000027 5.770702 0.000579 
197 0.065741 0.000000 -0.023755 99.836039 0.000001 4.952783 0.000824 
198 0.065741 0.000000 0.054366 99.836039 0.000001 4.952783 0.000824 
199 -2.407555 0.000000 -7.445323 99.995763 -0.000000 -0.001945 0.000085 
200 -4.920109 0.000000 -7.445323 99.997147 -0.000000 -0.000282 0.000057 
201 -2.407555 0.000000 -9.945219 99.997438 -0.000005 -0.001590 0.000051 
202 -1.151277 0.000000 -3.695478 99.983490 -0.000002 -0.007283 0.000330 
203 -2.407555 0.000000 -3.695478 99.988843 -0.000001 -0.000953 0.000223 
204 -1.151277 0.000000 -4.945426 99.989920 -0.000001 -0.005663 0.000202 
205 -0.523139 0.000000 -1.820556 99.939159 -0.000010 -0.023636 0.001216 
206 -1.151277 0.000000 -1.820556 99.958355 -0.000005 -0.001942 0.000833 
207 -0.523139 0.000000 -2.445530 99.961760 -0.000005 -0.020044 0.000765 
208 -0.209069 0.000000 -0.883095 99.800474 -0.000048 -0.049351 0.003986 
209 -0.523139 0.000000 -0.883095 99.862353 -0.000026 0.007705 0.002751 
210 -0.209069 0.000000 -1.195582 99.868848 -0.000029 -0.055482 0.002621 
211 -0.052035 0.000000 -0.414364 99.475917 -0.000147 -0.026773 0.010454 
212 -0.209069 0.000000 -0.414364 99.624077 -0.000091 0.095235 0.007503 
213 -0.052035 0.000000 -0.570608 99.622370 -0.000108 -0.087249 0.007538 
214 0.026483 0.000000 -0.179999 98.758137 -0.000345 0.196813 0.024679 
215 -0.052035 0.000000 -0.179999 99.118587 -0.000225 0.446621 0.017531 
216 0.026483 0.000000 -0.258121 99.074555 -0.000271 -0.008948 0.018423 
217 0.065741 0.000000 -0.062816 100.039631 0.000085 3.723814 -0.002179 
218 0.026483 0.000000 -0.062816 99.649483 -0.000101 7.428494 0.001480 
219 0.065741 0.000000 -0.101877 97.847192 -0.000646 0.295264 0.042584 
220 0.085371 0.000000 -0.004225 99.941794 0.000023 3.094402 0.000206 
221 0.065741 0.000000 -0.004225 99.917428 0.000017 4.004436 0.000047 
222 0.085371 0.000000 -0.023755 100.011090 0.000069 2.853508 -0.001036 
223 0.105000 0.000000 -0.004225 100.152680 0.000186 -0.229391 -0.003061 
224 0.085371 0.000000 0.015306 99.941794 0.000023 3.094402 0.000206 
225 -7.432664 0.000000 -2.445530 99.998625 -0.000000 0.001947 0.000027 
226 -9.945219 0.000000 -2.445530 99.999378 -0.000001 0.001141 0.000012 
227 -7.432664 0.000000 -4.945426 99.998117 -0.000000 0.000996 0.000038 
228 -7.432664 0.000000 0.054366 100.000031 -0.000000 0.002467 -0.000001 
229 -3.663832 0.000000 -1.195582 99.994723 -0.000001 0.007743 0.000106 
230 -4.920109 0.000000 -1.195582 99.997593 -0.000000 0.004839 0.000048 
231 -3.663832 0.000000 -2.445530 99.992663 -0.000001 0.004019 0.000147 
232 -3.663832 0.000000 0.054366 100.000243 -0.000000 0.009743 -0.000005 
233 -1.779416 0.000000 -0.570608 99.981185 -0.000003 0.030195 0.000376 
234 -2.407555 0.000000 -0.570608 99.991184 -0.000001 0.019000 0.000176 
235 -1.779416 0.000000 -1.195582 99.972846 -0.000003 0.016296 0.000543 
236 -1.779416 0.000000 0.054366 100.001814 -0.000001 0.037301 -0.000036 
237 -0.837208 0.000000 -0.258121 99.941870 -0.000013 0.118523 0.001161 
238 -1.151277 0.000000 -0.258121 99.972109 -0.000006 0.071202 0.000557 
239 -0.837208 0.000000 -0.570608 99.912015 -0.000015 0.065178 0.001758 
240 -0.837208 0.000000 0.054366 100.012248 -0.000004 0.139604 -0.000247 
241 -0.366104 0.000000 -0.101877 99.876962 -0.000036 0.360294 0.002446 
242 -0.523139 0.000000 -0.101877 99.934497 -0.000020 0.241386 0.001304 
243 -0.366104 0.000000 -0.258121 99.771348 -0.000053 0.239303 0.004562 
244 -0.366104 0.000000 0.054366 100.062694 -0.000004 0.398268 -0.001270 
245 -0.130552 0.000000 -0.023755 99.842668 -0.000068 1.008409 0.003042 
246 -0.209069 0.000000 -0.023755 99.915687 -0.000042 0.694078 0.001637 
247 -0.130552 0.000000 -0.101877 99.524593 -0.000126 0.759543 0.009428 
248 -0.130552 0.000000 0.054366 100.286190 0.000019 1.005493 -0.005833 
249 -0.012776 0.000000 0.015306 99.649483 -0.000101 7.428494 0.001480 
250 -0.052035 0.000000 0.015306 99.464471 -0.000175 8.807673 0.002924 
251 -0.012776 0.000000 -0.023755 99.649483 -0.000101 7.428494 0.001480 
252 -0.012776 0.000000 0.054366 99.649483 -0.000101 7.428494 0.001480 
253 0.046112 0.000000 -0.004225 99.862474 0.000018 4.874124 0.000373 
254 0.026483 0.000000 -0.004225 99.796061 -0.000024 5.920015 0.000570 
255 0.046112 0.000000 -0.023755 99.791072 -0.000038 5.749142 0.000869 
256 0.046112 0.000000 0.015306 99.862474 0.000018 4.874124 0.000373 
257 -0.012776 0.000000 -0.062816 99.464471 -0.000175 8.807673 0.002924 
258 -0.052035 0.000000 -0.062816 99.161253 -0.000135 10.570964 0.005530 
259 -0.012776 0.000000 -0.101877 98.709662 -0.000337 0.964128 0.025547 
260 0.006853 0.000000 -0.004225 99.707056 -0.000093 6.800903 0.001225 
261 -0.012776 0.000000 -0.004225 99.649483 -0.000101 7.428494 0.001480 
262 0.006853 0.000000 -0.023755 99.729109 -0.000087 6.590152 0.001067 
263 0.006853 0.000000 0.015306 99.729109 -0.000087 6.590152 0.001067 
264 -7.432664 0.000000 2.554263 100.001427 -0.000000 0.001933 -0.000029 
265 -9.945219 0.000000 2.554263 100.000646 0.000001 0.001136 -0.000013 
266 -7.432664 0.000000 5.054159 100.001918 -0.000000 0.000979 -0.000038 
267 -3.663832 0.000000 1.304315 100.005686 -0.000000 0.007632 -0.000114 
268 -4.920109 0.000000 1.304315 100.002595 -0.000000 0.004801 -0.000052 
269 -3.663832 0.000000 2.554263 100.007605 0.000000 0.003882 -0.000152 
270 -1.779416 0.000000 0.679340 100.021828 0.000001 0.029315 -0.000437 
271 -2.407555 0.000000 0.679340 100.010251 -0.000000 0.018695 -0.000205 
272 -1.779416 0.000000 1.304315 100.029099 0.000001 0.015236 -0.000582 
273 -0.837208 0.000000 0.366853 100.078203 0.000006 0.112143 -0.001566 
274 -1.151277 0.000000 0.366853 100.037782 0.000001 0.068797 -0.000756 
275 -0.837208 0.000000 0.679340 100.099637 0.000010 0.057524 -0.001994 
276 -0.366104 0.000000 0.210610 100.220424 0.000027 0.315899 -0.004423 
277 -0.523139 0.000000 0.210610 100.121730 0.000011 0.224217 -0.002441 
278 -0.366104 0.000000 0.366853 100.281426 0.000043 0.189940 -0.005640 
279 -0.130552 0.000000 0.132488 100.583319 0.000086 0.759279 -0.011758 
280 -0.209069 0.000000 0.132488 100.346321 0.000044 0.591175 -0.006973 
281 -0.130552 0.000000 0.210610 100.671751 0.000117 0.483814 -0.013504 
282 -0.012776 0.000000 0.093427 101.516482 0.000280 1.369106 -0.030747 
283 -0.052035 0.000000 0.093427 100.977151 0.000157 1.247508 -0.019794 
284 0.026483 0.000000 0.093427 99.921882 0.000083 5.857545 -0.001869 
285 -0.012776 0.000000 0.132488 101.458627 0.000277 0.872868 -0.029461 
286 0.006853 0.000000 0.034836 99.729109 -0.000087 6.590152 0.001067 
287 -0.012776 0.000000 0.034836 99.649483 -0.000101 7.428494 0.001480 
288 0.026483 0.000000 0.034836 99.791072 -0.000038 5.749142 0.000869 
289 0.006853 0.000000 0.054366 99.729109 -0.000087 6.590152 0.001067 
290 0.016668 0.000000 0.005540 99.707684 -0.000083 6.862127 0.001129 
291 0.006853 0.000000 0.005540 99.707056 -0.000093 6.800903 0.001225 
292 0.016668 0.000000 -0.004225 99.707684 -0.000083 6.862127 0.001129 
293 0.026483 0.000000 0.005540 99.796061 -0.000024 5.920015 0.000570 
294 0.016668 0.000000 0.015306 99.729109 -0.000087 6.590152 0.001067 
295 0.144259 0.000000 0.093427 100.204689 0.000236 -2.777255 -0.004869 
296 0.105000 0.000000 0.093427 100.286776 0.000356 -0.978944 -0.005840 
297 0.183517 0.000000 0.093427 99.997646 0.000117 -5.094112 -0.002548 
298 0.144259 0.000000 0.132488 102.244351 0.000795 -0.925043 -0.045476 
299 0.163888 0.000000 0.034836 100.047125 0.000187 -4.278772 -0.002774 
300 0.144259 0.000000 0.034836 100.073721 0.000168 -3.723158 -0.002861 
301 0.183517 0.000000 0.034836 100.047125 0.000187 -4.278772 -0.002774 
302 0.163888 0.000000 0.054366 100.047125 0.000187 -4.278772 -0.002774 
303 0.173703 0.000000 0.005540 100.054320 0.000184 -4.284948 -0.002923 
304 0.163888 0.000000 0.005540 100.075427 0.000168 -3.829793 -0.002976 
305 0.173703 0.000000 -0.004225 100.054320 0.000184 -4.284948 -0.002923 
306 0.183517 0.000000 0.005540 100.037229 0.000173 -4.441840 -0.002718 
307 0.173703 0.000000 0.015306 100.046237 0.000188 -4.331024 -0.002801 
308 7.642664 0.000000 -7.445323 99.998247 -0.000001 -0.010167 0.000035 
309 7.642664 0.000000 -9.945219 99.998566 -0.000011 -0.005810 0.000029 
310 10.155219 0.000000 -7.445323 99.998931 -0.000016 -0.010800 0.000021 
311 -7.432664 0.000000 -7.445323 99.998252 -0.000003 0.000232 0.000035 
312 -9.945219 0.000000 -7.445323 99.998933 -0.000002 0.000387 0.000021 
313 -7.432664 0.000000 -9.945219 99.998569 -0.000003 -0.000100 0.000029 
314 7.642664 0.000000 2.554263 100.001434 0.000011 -0.084267 -0.000029 
315 10.155219 0.000000 2.554263 100.000648 0.000011 -0.083542 -0.000014 
316 7.642664 0.000000 5.054159 100.001925 0.000001 -0.023354 -0.000039 
317 3.873832 0.000000 -3.695478 99.993100 -0.000005 -0.038594 0.000138 
318 3.873832 0.000000 -4.945426 99.994330 -0.000002 -0.021525 0.000113 
319 5.130109 0.000000 -3.695478 99.995777 -0.000005 -0.039088 0.000084 
320 -3.663832 0.000000 -3.695478 99.993137 -0.000000 0.001308 0.000137 
321 -4.920109 0.000000 -3.695478 99.995799 -0.000000 0.001790 0.000084 
322 -3.663832 0.000000 -4.945426 99.994352 -0.000000 -0.000101 0.000113 
323 3.873832 0.000000 1.304315 100.005737 0.000069 -0.252272 -0.000121 
324 5.130109 0.000000 1.304315 100.002614 0.000069 -0.249423 -0.000058 
325 3.873832 0.000000 2.554263 100.007660 0.000011 -0.086212 -0.000154 
326 1.989416 0.000000 -1.820556 99.973781 -0.000029 -0.130853 0.000523 
327 1.989416 0.000000 -2.445530 99.978164 -0.000013 -0.077571 0.000436 
328 2.617555 0.000000 -1.820556 99.983782 -0.000030 -0.132457 0.000323 
329 -1.779416 0.000000 -1.820556 99.974041 -0.000003 0.005787 0.000519 
330 -2.407555 0.000000 -1.820556 99.983942 -0.000001 0.007312 0.000321 
331 -1.779416 0.000000 -2.445530 99.978324 -0.000002 0.000123 0.000433 
332 1.989416 0.000000 0.679340 100.022170 0.000240 -0.509775 -0.000469 
333 2.617555 0.000000 0.679340 100.010385 0.000241 -0.499035 -0.000233 
334 1.989416 0.000000 1.304315 100.029476 0.000067 -0.259859 -0.000596 
335 1.047208 0.000000 -0.883095 99.910064 -0.000130 -0.341567 0.001786 
336 1.047208 0.000000 -1.195582 99.922362 -0.000070 -0.229847 0.001547 
337 1.361277 0.000000 -0.883095 99.942757 -0.000136 -0.344530 0.001133 
338 -0.837208 0.000000 -0.883095 99.911485 -0.000014 0.027662 0.001769 
339 -1.151277 0.000000 -0.883095 99.943701 -0.000008 0.030273 0.001126 
340 -0.837208 0.000000 -1.195582 99.923306 -0.000012 0.005572 0.001533 
341 1.047208 0.000000 0.366853 100.079596 0.000484 -0.755127 -0.001650 
342 1.361277 0.000000 0.366853 100.038525 0.000486 -0.711862 -0.000821 
343 1.047208 0.000000 0.679340 100.101537 0.000233 -0.538038 -0.002061 
344 0.576104 0.000000 -0.414364 99.743147 -0.000352 -0.658278 0.005087 
345 0.576104 0.000000 -0.570608 99.766179 -0.000234 -0.497088 0.004646 
346 0.733139 0.000000 -0.414364 99.830917 -0.000370 -0.651323 0.003336 
347 -0.366104 0.000000 -0.414364 99.749449 -0.000055 0.128633 0.005003 
348 -0.523139 0.000000 -0.414364 99.835455 -0.000035 0.121487 0.003287 
349 -0.366104 0.000000 -0.570608 99.770437 -0.000051 0.052541 0.004586 
350 0.576104 0.000000 0.210610 100.227952 0.000721 -1.036658 -0.004672 
351 0.733139 0.000000 0.210610 100.125596 0.000729 -0.944257 -0.002603 
352 0.576104 0.000000 0.366853 100.288856 0.000459 -0.836268 -0.005855 
353 0.340552 0.000000 -0.179999 99.397055 -0.000701 -1.142753 0.011892 
354 0.340552 0.000000 -0.258121 99.417556 -0.000508 -0.883799 0.011537 
355 0.419069 0.000000 -0.179999 99.599484 -0.000728 -1.097780 0.007874 
356 -0.130552 0.000000 -0.179999 99.420515 -0.000144 0.476511 0.011533 
357 -0.209069 0.000000 -0.179999 99.614964 -0.000096 0.426433 0.007668 
358 -0.130552 0.000000 -0.258121 99.433425 -0.000142 0.268942 0.011292 
359 0.340552 0.000000 0.132488 100.616947 0.000949 -1.513273 -0.012606 
360 0.419069 0.000000 0.132488 100.364006 0.000962 -1.347220 -0.007475 
361 0.340552 0.000000 0.210610 100.695049 0.000677 -1.197603 -0.014093 
362 0.222776 0.000000 0.093427 101.599471 0.001172 -2.054097 -0.032667 
363 0.262035 0.000000 0.093427 101.062292 0.001183 -1.995519 -0.021757 
364 0.222776 0.000000 0.132488 101.500489 0.000899 -1.574507 -0.030483 
365 0.203147 0.000000 0.034836 100.012889 0.000163 -4.750176 -0.002514 
366 0.222776 0.000000 0.034836 99.974914 0.000133 -5.172798 -0.002174 
367 0.203147 0.000000 0.054366 99.974914 0.000133 -5.172798 -0.002174 
368 0.124629 0.000000 -0.004225 100.105307 0.000182 -2.305863 -0.002639 
369 0.124629 0.000000 -0.023755 100.086226 0.000155 -3.057347 -0.002660 
370 0.124629 0.000000 0.015306 100.105307 0.000182 -2.305863 -0.002639 
371 0.124629 0.000000 0.034836 100.086226 0.000155 -3.057347 -0.002660 
372 0.105000 0.000000 0.034836 100.122881 0.000148 -0.062824 -0.002460 
373 0.124629 0.000000 0.054366 100.148076 0.000160 -2.247072 -0.003469 
374 0.065741 0.000000 0.093427 100.242632 0.000026 1.828355 -0.005193 
375 0.065741 0.000000 0.132488 102.253591 0.000549 0.215614 -0.045584 
376 0.085371 0.000000 0.034836 100.018292 0.000079 2.137192 -0.000823 
377 0.065741 0.000000 0.034836 99.866275 0.000012 4.198888 0.000910 
378 0.085371 0.000000 0.054366 100.080895 0.000123 2.098547 -0.002059 
379 0.046112 0.000000 0.034836 99.836039 0.000001 4.952783 0.000824 
380 0.046112 0.000000 0.054366 99.791072 -0.000038 5.749142 0.000869 
1 19 21 3 22 
2 20 19 22 9 
3 28 20 9 30 
4 29 28 30 4 
5 35 37 19 38 
6 36 35 38 20 
7 44 36 20 46 
8 45 44 46 28 
9 51 53 35 54 
10 52 51 54 36 
11 60 52 36 62 
12 61 60 62 44 
13 67 69 51 70 
14 68 67 70 52 
15 76 68 52 78 
16 77 76 78 60 
17 83 85 67 86 
18 84 83 86 68 
19 92 84 68 94 
20 93 92 94 76 
21 99 101 83 102 
22 100 99 102 84 
23 10 109 108 26 
24 109 13 110 108 
25 108 110 8 111 
26 26 108 111 14 
27 23 113 112 42 
28 113 26 114 112 
29 112 114 14 115 
30 42 112 115 27 
31 39 117 116 58 
32 117 42 118 116 
33 116 118 27 119 
34 58 116 119 43 
35 55 121 120 74 
36 121 58 122 120 
37 120 122 43 123 
38 74 120 123 59 
39 71 125 124 90 
40 125 74 126 124 
41 124 126 59 127 
42 90 124 127 75 
43 87 129 128 106 
44 129 90 130 128 
45 128 130 75 131 
46 106 128 131 91 
47 132 100 84 134 
48 133 132 134 92 
49 135 137 99 138 
50 136 135 138 100 
51 141 106 142 139 
52 139 142 91 143 
53 7 154 152 153 
54 154 12 155 152 
55 152 155 10 25 
56 153 152 25 11 
57 11 158 156 157 
58 158 25 159 156 
59 156 159 23 41 
60 157 156 41 24 
61 24 162 160 161 
62 162 41 163 160 
63 160 163 39 57 
64 161 160 57 40 
65 40 166 164 165 
66 166 57 167 164 
67 164 167 55 73 
68 165 164 73 56 
69 56 170 168 169 
70 170 73 171 168 
71 168 171 71 89 
72 169 168 89 72 
73 72 174 172 173 
74 174 89 175 172 
75 172 175 87 105 
76 173 172 105 88 
77 105 178 176 177 
78 178 87 179 176 
79 176 179 106 141 
80 177 176 141 103 
81 103 182 180 181 
82 182 141 183 180 
83 180 183 139 184 
84 181 180 184 140 
85 88 187 185 186 
86 187 105 177 185 
87 185 177 103 150 
88 186 185 150 104 
89 150 190 188 189 
90 190 103 181 188 
91 189 188 191 148 
92 192 136 100 194 
93 193 192 194 132 
94 17 201 199 200 
95 201 7 153 199 
96 199 153 11 33 
97 200 199 33 15 
98 33 204 202 203 
99 204 11 157 202 
100 202 157 24 49 
101 203 202 49 31 
102 49 207 205 206 
103 207 24 161 205 
104 205 161 40 65 
105 206 205 65 47 
106 65 210 208 209 
107 210 40 165 208 
108 208 165 56 81 
109 209 208 81 63 
110 81 213 211 212 
111 213 56 169 211 
112 211 169 72 97 
113 212 211 97 79 
114 97 216 214 215 
115 216 72 173 214 
116 214 173 88 146 
117 215 214 146 95 
118 146 219 217 218 
119 219 88 186 217 
120 217 186 104 197 
121 218 217 197 144 
122 197 222 220 221 
123 222 104 223 220 
124 220 223 149 224 
125 221 220 224 195 
126 16 227 225 226 
127 227 15 32 225 
128 225 32 18 228 
129 226 225 228 6 
130 32 231 229 230 
131 231 31 48 229 
132 229 48 34 232 
133 230 229 232 18 
134 48 235 233 234 
135 235 47 64 233 
136 233 64 50 236 
137 234 233 236 34 
138 64 239 237 238 
139 239 63 80 237 
140 237 80 66 240 
141 238 237 240 50 
142 80 243 241 242 
143 243 79 96 241 
144 241 96 82 244 
145 242 241 244 66 
146 96 247 245 246 
147 247 95 145 245 
148 245 145 98 248 
149 246 245 248 82 
150 145 251 249 250 
151 250 249 252 98 
152 144 255 253 254 
153 255 197 221 253 
154 253 221 195 256 
155 254 253 256 196 
156 95 259 257 258 
157 259 146 218 257 
158 257 218 144 251 
159 258 257 251 145 
160 251 262 260 261 
161 262 144 254 260 
162 261 260 263 249 
163 6 228 264 265 
164 228 18 45 264 
165 264 45 28 266 
166 265 264 266 29 
167 18 232 267 268 
168 232 34 61 267 
169 267 61 44 269 
170 268 267 269 45 
171 34 236 270 271 
172 236 50 77 270 
173 270 77 60 272 
174 271 270 272 61 
175 50 240 273 274 
176 240 66 93 273 
177 273 93 76 275 
178 274 273 275 77 
179 66 244 276 277 
180 244 82 133 276 
181 276 133 92 278 
182 277 276 278 93 
183 82 248 279 280 
184 248 98 193 279 
185 279 193 132 281 
186 280 279 281 133 
187 98 252 282 283 
188 252 147 284 282 
189 282 284 192 285 
190 283 282 285 193 
191 249 263 286 287 
192 263 196 288 286 
193 286 288 147 289 
194 287 286 289 252 
195 260 292 290 291 
196 292 254 293 290 
197 290 293 196 294 
198 291 290 294 263 
199 5 151 295 296 
200 151 107 297 295 
201 295 297 135 298 
202 296 295 298 136 
203 148 191 299 300 
204 191 140 301 299 
205 299 301 107 302 
206 300 299 302 151 
207 188 305 303 304 
208 305 181 306 303 
209 303 306 140 307 
210 304 303 307 191 
211 12 309 308 155 
212 309 2 310 308 
213 308 310 13 109 
214 155 308 109 10 
215 1 313 311 312 
216 313 17 200 311 
217 311 200 15 227 
218 312 311 227 16 
219 14 111 314 37 
220 111 8 315 314 
221 314 315 21 316 
222 37 314 316 19 
223 25 318 317 159 
224 318 10 319 317 
225 317 319 26 113 
226 159 317 113 23 
227 15 322 320 321 
228 322 33 203 320 
229 320 203 31 231 
230 321 320 231 32 
231 27 115 323 53 
232 115 14 324 323 
233 323 324 37 325 
234 53 323 325 35 
235 41 327 326 163 
236 327 23 328 326 
237 326 328 42 117 
238 163 326 117 39 
239 31 331 329 330 
240 331 49 206 329 
241 329 206 47 235 
242 330 329 235 48 
243 43 119 332 69 
244 119 27 333 332 
245 332 333 53 334 
246 69 332 334 51 
247 57 336 335 167 
248 336 39 337 335 
249 335 337 58 121 
250 167 335 121 55 
251 47 340 338 339 
252 340 65 209 338 
253 338 209 63 239 
254 339 338 239 64 
255 59 123 341 85 
256 123 43 342 341 
257 341 342 69 343 
258 85 341 343 67 
259 73 345 344 171 
260 345 55 346 344 
261 344 346 74 125 
262 171 344 125 71 
263 63 349 347 348 
264 349 81 212 347 
265 347 212 79 243 
266 348 347 243 80 
267 75 127 350 101 
268 127 59 351 350 
269 350 351 85 352 
270 101 350 352 83 
271 89 354 353 175 
272 354 71 355 353 
273 353 355 90 129 
274 175 353 129 87 
275 79 358 356 357 
276 358 97 215 356 
277 356 215 95 247 
278 357 356 247 96 
279 91 131 359 137 
280 131 75 360 359 
281 359 360 101 361 
282 137 359 361 99 
283 107 143 362 297 
284 143 91 363 362 
285 362 363 137 364 
286 297 362 364 135 
287 140 184 365 301 
288 184 139 366 365 
289 365 366 143 367 
290 301 365 367 107 
291 104 369 368 223 
292 369 150 189 368 
293 368 189 148 370 
294 223 368 370 149 
295 149 370 371 372 
296 370 148 300 371 
297 371 300 151 373 
298 372 371 373 5 
299 147 198 374 284 
300 198 5 296 374 
301 374 296 136 375 
302 284 374 375 192 
303 195 224 376 377 
304 224 149 372 376 
305 376 372 5 378 
306 377 376 378 198 
307 196 256 379 288 
308 256 195 377 379 
309 379 377 198 380 
310 288 379 380 147 
