2 0.000000 100.000000 5791.461216
380 310 
1 -9.945219 0.000000 -9.945219 99.448546 -0.000010 10.453490 0.000071 
2 10.155219 0.000000 -9.945219 99.449930 -0.000058 10.432778 0.000087 
3 10.155219 0.000000 10.053952 99.459000 0.000080 10.421831 -0.000071 
4 -9.945219 0.000000 10.053952 99.456599 0.000013 10.453165 -0.000088 
5 0.105000 0.000000 0.054366 100.598581 0.000692 -0.218417 -0.012012 
6 -9.945219 0.000000 0.054366 99.452857 0.000002 10.458166 -0.000024 
7 0.105000 0.000000 -9.945219 99.442029 -0.000038 10.441918 0.000225 
8 10.155219 0.000000 0.054366 99.570532 -0.000746 9.316107 -0.000108 
9 0.105000 0.000000 10.053952 99.464878 0.000001 10.440123 -0.000226 
10 5.130109 0.000000 -4.945426 99.442806 -0.000008 10.378260 0.000342 
11 0.105000 0.000000 -4.945426 99.411815 -0.000005 10.412827 0.000886 
12 5.130109 0.000000 -9.945219 99.445705 -0.000050 10.434065 0.000168 
13 10.155219 0.000000 -4.945426 99.454470 -0.000122 10.385600 0.000095 
14 5.130109 0.000000 0.054366 99.664712 -0.002323 8.389866 -0.000344 
15 -4.920109 0.000000 -4.945426 99.437567 -0.000001 10.456256 0.000284 
16 -9.945219 0.000000 -4.945426 99.448685 -0.000006 10.456016 0.000063 
17 -4.920109 0.000000 -9.945219 99.444733 -0.000019 10.450676 0.000153 
18 -4.920109 0.000000 0.054366 99.454848 0.000000 10.475586 -0.000100 
19 5.130109 0.000000 5.054159 99.478305 0.000017 10.338163 -0.000281 
20 0.105000 0.000000 5.054159 99.502353 0.000007 10.402652 -0.000893 
21 10.155219 0.000000 5.054159 99.471511 0.000212 10.299005 -0.000065 
22 5.130109 0.000000 10.053952 99.462454 0.000065 10.427881 -0.000152 
23 2.617555 0.000000 -2.445530 99.414920 -0.000062 10.177969 0.001308 
24 0.105000 0.000000 -2.445530 99.298156 -0.000040 10.305466 0.003367 
25 2.617555 0.000000 -4.945426 99.426270 -0.000008 10.382971 0.000661 
26 5.130109 0.000000 -2.445530 99.458406 -0.000052 10.215827 0.000366 
27 2.617555 0.000000 0.054366 99.726482 -0.004632 7.699090 -0.000465 
28 -4.920109 0.000000 5.054159 99.469772 0.000001 10.454966 -0.000354 
29 -9.945219 0.000000 5.054159 99.456811 0.000010 10.455743 -0.000098 
30 -4.920109 0.000000 10.053952 99.461091 0.000024 10.449758 -0.000171 
31 -2.407555 0.000000 -2.445530 99.394670 -0.000005 10.466918 0.001114 
32 -4.920109 0.000000 -2.445530 99.438134 -0.000001 10.466756 0.000250 
33 -2.407555 0.000000 -4.945426 99.422423 -0.000002 10.445794 0.000607 
34 -2.407555 0.000000 0.054366 99.463671 -0.000000 10.543127 -0.000418 
35 2.617555 0.000000 2.554263 99.550104 0.000113 10.039567 -0.001102 
36 0.105000 0.000000 2.554263 99.643055 0.000049 10.266845 -0.003415 
37 5.130109 0.000000 2.554263 99.517950 0.000162 9.945535 -0.000274 
38 2.617555 0.000000 5.054159 99.492112 0.000013 10.359972 -0.000601 
39 1.361277 0.000000 -1.195582 99.306371 -0.000372 9.596483 0.004615 
40 0.105000 0.000000 -1.195582 98.918026 -0.000232 10.000606 0.011521 
41 1.361277 0.000000 -2.445530 99.352751 -0.000059 10.196339 0.002507 
42 2.617555 0.000000 -1.195582 99.461712 -0.000327 9.695423 0.001337 
43 1.361277 0.000000 0.054366 99.754701 -0.008254 7.164808 -0.000233 
44 -2.407555 0.000000 2.554263 99.521912 0.000006 10.461312 -0.001405 
45 -4.920109 0.000000 2.554263 99.470638 0.000001 10.465640 -0.000394 
46 -2.407555 0.000000 5.054159 99.487496 0.000003 10.442182 -0.000680 
47 -1.151277 0.000000 -1.195582 99.237666 -0.000037 10.514309 0.004133 
48 -2.407555 0.000000 -1.195582 99.397647 -0.000006 10.508701 0.000968 
49 -1.151277 0.000000 -2.445530 99.336811 -0.000016 10.427377 0.002347 
50 -1.151277 0.000000 0.054366 99.502081 -0.000001 10.795977 -0.001722 
51 1.361277 0.000000 1.304315 99.772998 0.000554 9.274383 -0.004067 
52 0.105000 0.000000 1.304315 100.094998 0.000269 9.891793 -0.011686 
53 2.617555 0.000000 1.304315 99.641303 0.000737 9.106730 -0.001132 
54 1.361277 0.000000 2.554263 99.603034 0.000086 10.114434 -0.002307 
55 0.733139 0.000000 -0.570608 98.945030 -0.001364 8.482102 0.013794 
56 0.105000 0.000000 -0.570608 97.893416 -0.000848 9.438359 0.032780 
57 0.733139 0.000000 -1.195582 99.099377 -0.000343 9.662602 0.008595 
58 1.361277 0.000000 -0.570608 99.403700 -0.001329 8.678337 0.004359 
59 0.733139 0.000000 0.054366 99.818478 0.160438 6.393133 -0.000463 
60 -1.151277 0.000000 1.304315 99.714582 0.000039 10.489648 -0.005303 
61 -2.407555 0.000000 1.304315 99.525274 0.000006 10.503602 -0.001561 
62 -1.151277 0.000000 2.554263 99.589555 0.000019 10.412348 -0.002650 
63 -0.523139 0.000000 -0.570608 98.745269 -0.000191 10.741364 0.013400 
64 -1.151277 0.000000 -0.570608 99.257409 -0.000038 10.673609 0.003404 
65 -0.523139 0.000000 -1.195582 99.038642 -0.000102 10.385253 0.008349 
66 -0.523139 0.000000 0.054366 99.667117 0.000006 11.623632 -0.006864 
67 0.733139 0.000000 0.679340 100.313222 0.001627 8.141887 -0.012903 
68 0.105000 0.000000 0.679340 101.162618 0.000906 9.292680 -0.032023 
69 1.361277 0.000000 0.679340 99.870571 0.001947 8.060540 -0.003910 
70 0.733139 0.000000 1.304315 99.955085 0.000438 9.463275 -0.008057 
71 0.419069 0.000000 -0.258121 98.142306 -0.002993 6.895596 0.032054 
72 0.105000 0.000000 -0.258121 95.645022 -0.002032 8.565249 0.077867 
73 0.419069 0.000000 -0.570608 98.390387 -0.001209 8.637896 0.024472 
74 0.733139 0.000000 -0.258121 99.144619 -0.003089 7.363062 0.011613 
75 0.419069 0.000000 0.054366 100.176125 0.011261 4.878732 -0.005906 
76 -0.523139 0.000000 0.679340 100.314435 0.000200 10.635963 -0.017611 
77 -1.151277 0.000000 0.679340 99.722934 0.000038 10.648395 -0.005805 
78 -0.523139 0.000000 1.304315 99.940555 0.000112 10.328654 -0.009480 
79 -0.209069 0.000000 -0.258121 97.494801 -0.000583 11.602796 0.036014 
80 -0.523139 0.000000 -0.258121 98.867206 -0.000164 11.278722 0.009807 
81 -0.209069 0.000000 -0.570608 98.177598 -0.000432 10.409735 0.025280 
82 -0.209069 0.000000 0.054366 100.471364 0.000090 13.950495 -0.028911 
83 0.419069 0.000000 0.366853 101.301615 0.002941 7.000022 -0.031102 
84 0.105000 0.000000 0.366853 102.996159 0.001886 8.665658 -0.068330 
85 0.733139 0.000000 0.366853 100.306816 0.003364 7.084435 -0.011165 
86 0.419069 0.000000 0.679340 100.791983 0.001343 8.457573 -0.023055 
87 0.262035 0.000000 -0.101877 96.789352 -0.005368 4.165063 0.061447 
88 0.105000 0.000000 -0.101877 91.597889 -0.004193 6.339957 0.156963 
89 0.262035 0.000000 -0.258121 96.925340 -0.002697 7.069068 0.055551 
90 0.419069 0.000000 -0.101877 98.705594 -0.005375 5.520657 0.022673 
91 0.262035 0.000000 0.054366 99.433115 0.000312 -6.003430 0.007701 
92 -0.209069 0.000000 0.366853 101.698098 0.000615 11.073445 -0.046512 
93 -0.523139 0.000000 0.366853 100.317500 0.000172 11.136418 -0.018762 
94 -0.209069 0.000000 0.679340 100.872233 0.000456 10.229221 -0.027984 
95 -0.052035 0.000000 -0.101877 93.845122 -0.001301 14.235286 0.099045 
96 -0.209069 0.000000 -0.101877 97.987843 -0.000423 13.248573 0.022286 
97 -0.052035 0.000000 -0.258121 96.064301 -0.001165 10.792196 0.065518 
98 -0.052035 0.000000 0.054366 101.078188 -0.003241 9.659051 -0.031010 
99 0.262035 0.000000 0.210610 102.983644 0.004078 5.670172 -0.063778 
100 0.105000 0.000000 0.210610 105.494079 0.002948 7.802386 -0.118988 
101 0.419069 0.000000 0.210610 101.186494 0.004544 5.851310 -0.027294 
102 0.262035 0.000000 0.366853 102.237691 0.002531 7.425466 -0.050768 
103 0.183517 0.000000 -0.023755 99.871854 0.000650 -4.199182 0.000798 
104 0.105000 0.000000 -0.023755 100.560974 0.000740 0.040580 -0.011251 
105 0.183517 0.000000 -0.101877 94.339045 -0.005107 4.192169 0.108257 
106 0.262035 0.000000 -0.023755 99.498055 0.000695 -5.752221 0.006705 
107 0.183517 0.000000 0.054366 99.763640 0.000631 -4.668001 0.002543 
108 7.642664 0.000000 -2.445530 99.465967 -0.000041 10.252676 0.000140 
109 7.642664 0.000000 -4.945426 99.450797 -0.000007 10.383117 0.000173 
110 10.155219 0.000000 -2.445530 99.466682 -0.000033 10.281100 0.000068 
111 7.642664 0.000000 0.054366 99.610851 -0.001279 8.924424 -0.000197 
112 3.873832 0.000000 -1.195582 99.493166 -0.000270 9.798037 0.000511 
113 3.873832 0.000000 -2.445530 99.445504 -0.000057 10.194543 0.000666 
114 5.130109 0.000000 -1.195582 99.498695 -0.000223 9.879026 0.000241 
115 3.873832 0.000000 0.054366 99.695610 -0.003216 8.066845 -0.000429 
116 1.989416 0.000000 -0.570608 99.519166 -0.001185 8.870104 0.001726 
117 1.989416 0.000000 -1.195582 99.413607 -0.000355 9.637621 0.002405 
118 2.617555 0.000000 -0.570608 99.552138 -0.001039 9.017505 0.000806 
119 1.989416 0.000000 0.054366 99.740633 -0.005794 7.477309 -0.000410 
120 1.047208 0.000000 -0.258121 99.436950 -0.002976 7.706157 0.005291 
121 1.047208 0.000000 -0.570608 99.253992 -0.001374 8.566812 0.007525 
122 1.361277 0.000000 -0.258121 99.551316 -0.002797 7.949616 0.002634 
123 1.047208 0.000000 0.054366 99.769201 -0.013323 6.874789 -0.000116 
124 0.576104 0.000000 -0.101877 99.229940 -0.005231 6.332441 0.011332 
125 0.576104 0.000000 -0.258121 98.806906 -0.003087 7.124977 0.018643 
126 0.733139 0.000000 -0.101877 99.436380 -0.005044 6.784317 0.006638 
127 0.576104 0.000000 0.054366 99.904335 0.019314 5.894042 -0.001562 
128 0.340552 0.000000 -0.023755 99.151300 -0.011084 3.942921 0.015347 
129 0.340552 0.000000 -0.101877 98.085817 -0.005404 4.887525 0.035528 
130 0.419069 0.000000 -0.023755 99.381180 -0.009761 4.984603 0.009853 
131 0.340552 0.000000 0.054366 100.576031 0.009736 3.880649 -0.013060 
132 -0.052035 0.000000 0.210610 104.494172 0.001339 11.618793 -0.105403 
133 -0.209069 0.000000 0.210610 101.856961 0.000517 12.322132 -0.052668 
134 -0.052035 0.000000 0.366853 102.706673 0.001151 10.235108 -0.065342 
135 0.183517 0.000000 0.132488 105.448449 0.005033 4.328373 -0.113811 
136 0.105000 0.000000 0.132488 108.072981 0.004050 6.556116 -0.172275 
137 0.262035 0.000000 0.132488 102.974561 0.005452 4.108909 -0.062064 
138 0.183517 0.000000 0.210610 104.356176 0.003636 6.284627 -0.092971 
139 0.222776 0.000000 0.015306 99.664373 0.000603 -5.086027 0.004115 
140 0.183517 0.000000 0.015306 99.871854 0.000650 -4.199182 0.000798 
141 0.222776 0.000000 -0.023755 99.664373 0.000603 -5.086027 0.004115 
142 0.262035 0.000000 0.015306 99.498055 0.000695 -5.752221 0.006705 
143 0.222776 0.000000 0.054366 99.575346 0.000727 -5.448009 0.005507 
144 0.026483 0.000000 -0.023755 101.035043 -0.001087 5.963016 -0.024364 
145 -0.052035 0.000000 -0.023755 101.095715 -0.002598 9.105786 -0.030326 
146 0.026483 0.000000 -0.101877 90.715496 -0.002604 10.841803 0.165315 
147 0.026483 0.000000 0.054366 101.085755 -0.001321 6.823074 -0.026488 
148 0.144259 0.000000 0.015306 100.101070 0.000581 -3.023096 -0.002936 
149 0.105000 0.000000 0.015306 100.573406 0.000748 -0.133608 -0.011503 
150 0.144259 0.000000 -0.023755 99.986912 0.000646 -3.642479 -0.001065 
151 0.144259 0.000000 0.054366 99.986912 0.000646 -3.642479 -0.001065 
152 2.617555 0.000000 -7.445323 99.437585 -0.000002 10.424352 0.000350 
153 0.105000 0.000000 -7.445323 99.434063 -0.000002 10.434778 0.000398 
154 2.617555 0.000000 -9.945219 99.443277 -0.000043 10.437159 0.000210 
155 5.130109 0.000000 -7.445323 99.443464 -0.000002 10.419558 0.000243 
156 1.361277 0.000000 -3.695478 99.395186 -0.000017 10.343447 0.001361 
157 0.105000 0.000000 -3.695478 99.381350 -0.000013 10.383252 0.001554 
158 1.361277 0.000000 -4.945426 99.416769 -0.000007 10.394585 0.000826 
159 2.617555 0.000000 -3.695478 99.417952 -0.000019 10.325091 0.000946 
160 0.733139 0.000000 -1.820556 99.240373 -0.000119 10.072733 0.004989 
161 0.105000 0.000000 -1.820556 99.189751 -0.000086 10.210499 0.005714 
162 0.733139 0.000000 -2.445530 99.317162 -0.000052 10.238883 0.003127 
163 1.361277 0.000000 -1.820556 99.322143 -0.000134 10.007855 0.003495 
164 0.419069 0.000000 -0.883095 98.746709 -0.000576 9.408737 0.016056 
165 0.105000 0.000000 -0.883095 98.598729 -0.000433 9.795517 0.018234 
166 0.419069 0.000000 -1.195582 98.982753 -0.000297 9.795219 0.010647 
167 0.733139 0.000000 -0.883095 99.004417 -0.000654 9.229410 0.011294 
168 0.262035 0.000000 -0.414364 97.589451 -0.001624 8.313492 0.040718 
169 0.105000 0.000000 -0.414364 97.152633 -0.001267 9.136826 0.047788 
170 0.262035 0.000000 -0.570608 98.083628 -0.001053 8.948865 0.029952 
171 0.419069 0.000000 -0.414364 98.195693 -0.001855 7.949737 0.029441 
172 0.183517 0.000000 -0.179999 95.329149 -0.003317 6.457661 0.087065 
173 0.105000 0.000000 -0.179999 94.175032 -0.002736 7.913527 0.106844 
174 0.183517 0.000000 -0.258121 96.187160 -0.002417 7.607893 0.069015 
175 0.262035 0.000000 -0.179999 96.652160 -0.003656 5.930077 0.062319 
176 0.222776 0.000000 -0.062816 99.498055 0.000695 -5.752221 0.006705 
177 0.183517 0.000000 -0.062816 99.664373 0.000603 -5.086027 0.004115 
178 0.222776 0.000000 -0.101877 95.701996 -0.005292 3.982305 0.082527 
179 0.262035 0.000000 -0.062816 97.298586 -0.007113 3.012223 0.052391 
180 0.203147 0.000000 -0.004225 99.714779 0.000529 -4.863604 0.003331 
181 0.183517 0.000000 -0.004225 99.836058 0.000889 -4.359064 0.001376 
182 0.203147 0.000000 -0.023755 99.763640 0.000631 -4.668001 0.002543 
183 0.222776 0.000000 -0.004225 99.664373 0.000603 -5.086027 0.004115 
184 0.203147 0.000000 0.015306 99.763640 0.000631 -4.668001 0.002543 
185 0.144259 0.000000 -0.062816 100.035601 0.000909 -3.530489 -0.001959 
186 0.105000 0.000000 -0.062816 100.623417 0.000673 -0.496975 -0.012532 
187 0.144259 0.000000 -0.101877 92.894942 -0.004747 4.960649 0.134592 
188 0.163888 0.000000 -0.004225 99.968294 0.000684 -3.749513 -0.000772 
189 0.144259 0.000000 -0.004225 100.101070 0.000581 -3.023096 -0.002936 
190 0.163888 0.000000 -0.023755 99.871854 0.000650 -4.199182 0.000798 
191 0.163888 0.000000 0.015306 99.986968 0.000586 -3.658521 -0.001078 
192 0.026483 0.000000 0.132488 108.591364 0.002501 10.699795 -0.190657 
193 -0.052035 0.000000 0.132488 105.795727 0.001234 13.690675 -0.138017 
194 0.026483 0.000000 0.210610 105.601055 0.002098 9.917760 -0.124994 
195 0.065741 0.000000 0.015306 100.902261 -0.000640 4.176501 -0.019871 
196 0.026483 0.000000 0.015306 101.051213 -0.000959 5.981344 -0.024712 
197 0.065741 0.000000 -0.023755 100.967463 -0.000899 5.150729 -0.022096 
198 0.065741 0.000000 0.054366 100.967463 -0.000899 5.150729 -0.022096 
199 -2.407555 0.000000 -7.445323 99.436362 -0.000001 10.445850 0.000329 
200 -4.920109 0.000000 -7.445323 99.441489 -0.000000 10.452143 0.000214 
201 -2.407555 0.000000 -9.945219 99.442725 -0.000026 10.447028 0.000200 
202 -1.151277 0.000000 -3.695478 99.389951 -0.000007 10.425842 0.001294 
203 -2.407555 0.000000 -3.695478 99.409835 -0.000003 10.450314 0.000848 
204 -1.151277 0.000000 -4.945426 99.414527 -0.000004 10.431958 0.000793 
205 -0.523139 0.000000 -1.820556 99.218583 -0.000050 10.359543 0.004835 
206 -1.151277 0.000000 -1.820556 99.290361 -0.000025 10.447139 0.003228 
207 -0.523139 0.000000 -2.445530 99.307535 -0.000027 10.375825 0.003036 
208 -0.209069 0.000000 -0.883095 98.667595 -0.000276 10.222401 0.016021 
209 -0.523139 0.000000 -0.883095 98.894406 -0.000145 10.476282 0.011014 
210 -0.209069 0.000000 -1.195582 98.944199 -0.000161 10.220440 0.010559 
211 -0.052035 0.000000 -0.414364 97.274148 -0.000861 10.127624 0.043517 
212 -0.209069 0.000000 -0.414364 97.819639 -0.000528 10.758097 0.031558 
213 -0.052035 0.000000 -0.570608 97.938226 -0.000626 9.983608 0.030843 
214 0.026483 0.000000 -0.179999 93.999513 -0.001985 10.048134 0.106313 
215 -0.052035 0.000000 -0.179999 95.077035 -0.001301 11.770898 0.082180 
216 0.026483 0.000000 -0.258121 95.586509 -0.001587 9.759166 0.076798 
217 0.065741 0.000000 -0.062816 101.016753 0.000324 3.872046 -0.021938 
218 0.026483 0.000000 -0.062816 101.111236 -0.001597 7.681921 -0.028249 
219 0.065741 0.000000 -0.101877 90.720196 -0.003452 8.350754 0.170011 
220 0.085371 0.000000 -0.004225 100.820244 -0.000495 3.258736 -0.017534 
221 0.065741 0.000000 -0.004225 100.923641 -0.000509 4.180458 -0.020306 
222 0.085371 0.000000 -0.023755 100.847150 -0.000184 3.000158 -0.017915 
223 0.105000 0.000000 -0.004225 100.573406 0.000748 -0.133608 -0.011503 
224 0.085371 0.000000 0.015306 100.820244 -0.000495 3.258736 -0.017534 
225 -7.432664 0.000000 -2.445530 99.447492 -0.000000 10.460944 0.000077 
226 -9.945219 0.000000 -2.445530 99.450236 -0.000003 10.457532 0.000029 
227 -7.432664 0.000000 -4.945426 99.445270 -0.000000 10.457121 0.000129 
228 -7.432664 0.000000 0.054366 99.453332 0.000000 10.462942 -0.000044 
229 -3.663832 0.000000 -1.195582 99.433741 -0.000001 10.485346 0.000299 
230 -4.920109 0.000000 -1.195582 99.444355 -0.000000 10.472990 0.000114 
231 -3.663832 0.000000 -2.445530 99.424767 -0.000002 10.470073 0.000509 
232 -3.663832 0.000000 0.054366 99.457057 0.000000 10.493240 -0.000181 
233 -1.779416 0.000000 -0.570608 99.383429 -0.000011 10.581778 0.001096 
234 -2.407555 0.000000 -0.570608 99.422440 -0.000004 10.533183 0.000423 
235 -1.779416 0.000000 -1.195582 99.347269 -0.000014 10.522539 0.001940 
236 -1.779416 0.000000 0.054366 99.473340 -0.000000 10.611336 -0.000755 
237 -0.837208 0.000000 -0.258121 99.226319 -0.000061 10.959016 0.003404 
238 -1.151277 0.000000 -0.258121 99.351859 -0.000025 10.762607 0.001337 
239 -0.837208 0.000000 -0.570608 99.091479 -0.000081 10.732542 0.006569 
240 -0.837208 0.000000 0.054366 99.544682 -0.000002 11.054917 -0.003136 
241 -0.366104 0.000000 -0.101877 98.900266 -0.000185 12.132668 0.007154 
242 -0.523139 0.000000 -0.101877 99.192410 -0.000095 11.549271 0.002748 
243 -0.366104 0.000000 -0.258121 98.412856 -0.000297 11.502483 0.018260 
244 -0.366104 0.000000 0.054366 99.852982 0.000024 12.328557 -0.012261 
245 -0.130552 0.000000 -0.023755 98.522494 -0.000336 15.977122 0.003805 
246 -0.209069 0.000000 -0.023755 99.068654 -0.000197 13.977280 -0.000996 
247 -0.130552 0.000000 -0.101877 96.698567 -0.000703 14.066399 0.045152 
248 -0.130552 0.000000 0.054366 101.563371 0.000202 15.766647 -0.056371 
249 -0.012776 0.000000 0.015306 101.111236 -0.001597 7.681921 -0.028249 
250 -0.052035 0.000000 0.015306 101.095715 -0.002598 9.105786 -0.030326 
251 -0.012776 0.000000 -0.023755 101.111236 -0.001597 7.681921 -0.028249 
252 -0.012776 0.000000 0.054366 101.111236 -0.001597 7.681921 -0.028249 
253 0.046112 0.000000 -0.004225 100.986803 -0.000721 5.066840 -0.022401 
254 0.026483 0.000000 -0.004225 101.058822 -0.000895 6.132054 -0.025049 
255 0.046112 0.000000 -0.023755 101.035043 -0.001087 5.963016 -0.024364 
256 0.046112 0.000000 0.015306 100.986803 -0.000721 5.066840 -0.022401 
257 -0.012776 0.000000 -0.062816 101.095715 -0.002598 9.105786 -0.030326 
258 -0.052035 0.000000 -0.062816 101.090085 -0.002705 10.937599 -0.033884 
259 -0.012776 0.000000 -0.101877 91.939254 -0.001845 13.090895 0.137580 
260 0.006853 0.000000 -0.004225 101.082987 -0.001420 7.038679 -0.026731 
261 -0.012776 0.000000 -0.004225 101.111236 -0.001597 7.681921 -0.028249 
262 0.006853 0.000000 -0.023755 101.085755 -0.001321 6.823074 -0.026488 
263 0.006853 0.000000 0.015306 101.085755 -0.001321 6.823074 -0.026488 
264 -7.432664 0.000000 2.554263 99.458983 0.000000 10.460586 -0.000151 
265 -9.945219 0.000000 2.554263 99.455415 0.000007 10.457369 -0.000074 
266 -7.432664 0.000000 5.054159 99.460799 0.000000 10.456587 -0.000179 
267 -3.663832 0.000000 1.304315 99.479494 0.000002 10.483742 -0.000608 
268 -4.920109 0.000000 1.304315 99.465071 0.000001 10.472314 -0.000297 
269 -3.663832 0.000000 2.554263 99.486653 0.000002 10.467744 -0.000717 
270 -1.779416 0.000000 0.679340 99.558752 0.000011 10.574026 -0.002376 
271 -2.407555 0.000000 0.679340 99.503571 0.000004 10.530008 -0.001184 
272 -1.779416 0.000000 1.304315 99.586333 0.000014 10.511896 -0.002794 
273 -0.837208 0.000000 0.366853 99.836559 0.000059 10.918505 -0.008655 
274 -1.151277 0.000000 0.366853 99.644713 0.000024 10.745820 -0.004454 
275 -0.837208 0.000000 0.679340 99.924175 0.000083 10.680791 -0.009892 
276 -0.366104 0.000000 0.210610 100.615795 0.000222 11.855549 -0.026409 
277 -0.523139 0.000000 0.210610 100.090878 0.000107 11.444216 -0.014915 
278 -0.366104 0.000000 0.366853 100.839870 0.000319 11.217967 -0.029452 
279 -0.130552 0.000000 0.132488 102.970268 0.000625 13.864108 -0.079509 
280 -0.209069 0.000000 0.132488 101.469556 0.000348 13.212978 -0.047065 
281 -0.130552 0.000000 0.210610 103.014643 0.000825 12.306163 -0.076346 
282 -0.012776 0.000000 0.093427 109.300527 0.001678 14.514592 -0.215728 
283 -0.052035 0.000000 0.093427 106.320629 0.001014 15.710165 -0.155089 
284 0.026483 0.000000 0.093427 101.177151 0.000298 6.039925 -0.027330 
285 -0.012776 0.000000 0.132488 107.459925 0.001776 12.597445 -0.170633 
286 0.006853 0.000000 0.034836 101.085755 -0.001321 6.823074 -0.026488 
287 -0.012776 0.000000 0.034836 101.111236 -0.001597 7.681921 -0.028249 
288 0.026483 0.000000 0.034836 101.035043 -0.001087 5.963016 -0.024364 
289 0.006853 0.000000 0.054366 101.085755 -0.001321 6.823074 -0.026488 
290 0.016668 0.000000 0.005540 101.088180 -0.001303 7.098727 -0.026921 
291 0.006853 0.000000 0.005540 101.082987 -0.001420 7.038679 -0.026731 
292 0.016668 0.000000 -0.004225 101.088180 -0.001303 7.098727 -0.026921 
293 0.026483 0.000000 0.005540 101.058822 -0.000895 6.132054 -0.025049 
294 0.016668 0.000000 0.015306 101.085755 -0.001321 6.823074 -0.026488 
295 0.144259 0.000000 0.093427 100.234376 0.000393 -2.717981 -0.005432 
296 0.105000 0.000000 0.093427 100.629349 0.000783 -0.917450 -0.012711 
297 0.183517 0.000000 0.093427 99.692874 0.001843 -4.998591 0.003634 
298 0.144259 0.000000 0.132488 106.861587 0.004630 5.148025 -0.144590 
299 0.163888 0.000000 0.034836 99.871854 0.000650 -4.199182 0.000798 
300 0.144259 0.000000 0.034836 99.986912 0.000646 -3.642479 -0.001065 
301 0.183517 0.000000 0.034836 99.871854 0.000650 -4.199182 0.000798 
302 0.163888 0.000000 0.054366 99.871854 0.000650 -4.199182 0.000798 
303 0.173703 0.000000 0.005540 99.874384 0.000691 -4.205579 0.000742 
304 0.163888 0.000000 0.005540 99.968294 0.000684 -3.749513 -0.000772 
305 0.173703 0.000000 -0.004225 99.874384 0.000691 -4.205579 0.000742 
306 0.183517 0.000000 0.005540 99.836058 0.000889 -4.359064 0.001376 
307 0.173703 0.000000 0.015306 99.861820 0.000763 -4.250321 0.000955 
308 7.642664 0.000000 -7.445323 99.448248 -0.000073 10.416779 0.000154 
309 7.642664 0.000000 -9.945219 99.448107 -0.000055 10.432828 0.000123 
310 10.155219 0.000000 -7.445323 99.450903 -0.000080 10.418745 0.000097 
311 -7.432664 0.000000 -7.445323 99.445714 -0.000013 10.453999 0.000126 
312 -9.945219 0.000000 -7.445323 99.448289 -0.000008 10.454533 0.000074 
313 -7.432664 0.000000 -9.945219 99.446871 -0.000013 10.452645 0.000106 
314 7.642664 0.000000 2.554263 99.522264 0.000231 9.822841 -0.000117 
315 10.155219 0.000000 2.554263 99.538255 0.000342 9.648103 -0.000095 
316 7.642664 0.000000 5.054159 99.472184 0.000021 10.323516 -0.000129 
317 3.873832 0.000000 -3.695478 99.435557 -0.000019 10.323226 0.000600 
318 3.873832 0.000000 -4.945426 99.435662 -0.000008 10.378385 0.000484 
319 5.130109 0.000000 -3.695478 99.446172 -0.000018 10.328169 0.000379 
320 -3.663832 0.000000 -3.695478 99.426296 -0.000002 10.458961 0.000502 
321 -4.920109 0.000000 -3.695478 99.436543 -0.000001 10.460620 0.000295 
322 -3.663832 0.000000 -4.945426 99.430894 -0.000001 10.453185 0.000423 
323 3.873832 0.000000 1.304315 99.627870 0.000950 8.925489 -0.000538 
324 5.130109 0.000000 1.304315 99.641968 0.001231 8.703434 -0.000427 
325 3.873832 0.000000 2.554263 99.525597 0.000136 9.993025 -0.000521 
326 1.989416 0.000000 -1.820556 99.386213 -0.000136 9.999057 0.002240 
327 1.989416 0.000000 -2.445530 99.387947 -0.000062 10.179084 0.001842 
328 2.617555 0.000000 -1.820556 99.425661 -0.000131 10.013967 0.001426 
329 -1.779416 0.000000 -1.820556 99.351825 -0.000012 10.478555 0.001941 
330 -2.407555 0.000000 -1.820556 99.390961 -0.000006 10.484365 0.001152 
331 -1.779416 0.000000 -2.445530 99.368952 -0.000009 10.455261 0.001650 
332 1.989416 0.000000 0.679340 99.767412 0.002252 7.993647 -0.001743 
333 2.617555 0.000000 0.679340 99.744187 0.002600 7.893167 -0.001120 
334 1.989416 0.000000 1.304315 99.679385 0.000646 9.184336 -0.002033 
335 1.047208 0.000000 -0.883095 99.202105 -0.000684 9.194562 0.007440 
336 1.047208 0.000000 -1.195582 99.215457 -0.000366 9.605260 0.006403 
337 1.361277 0.000000 -0.883095 99.329487 -0.000679 9.224065 0.004857 
338 -0.837208 0.000000 -0.883095 99.094299 -0.000076 10.568498 0.006863 
339 -1.151277 0.000000 -0.883095 99.227898 -0.000041 10.582021 0.004185 
340 -0.837208 0.000000 -1.195582 99.147422 -0.000062 10.476205 0.006004 
341 1.047208 0.000000 0.366853 99.984209 0.003640 7.244101 -0.004932 
342 1.361277 0.000000 0.366853 99.862858 0.003917 7.336548 -0.002642 
343 1.047208 0.000000 0.679340 100.012263 0.001798 8.085873 -0.006783 
344 0.576104 0.000000 -0.414364 98.671716 -0.001974 7.889913 0.020164 
345 0.576104 0.000000 -0.570608 98.704682 -0.001313 8.510950 0.018495 
346 0.733139 0.000000 -0.414364 98.995015 -0.002027 7.965944 0.013653 
347 -0.366104 0.000000 -0.414364 98.362032 -0.000315 10.970628 0.020456 
348 -0.523139 0.000000 -0.414364 98.743590 -0.000193 10.973894 0.012928 
349 -0.366104 0.000000 -0.570608 98.486337 -0.000290 10.642068 0.018719 
350 0.576104 0.000000 0.210610 100.447665 0.004815 6.296562 -0.012938 
351 0.733139 0.000000 0.210610 100.131896 0.005036 6.602459 -0.006999 
352 0.576104 0.000000 0.366853 100.665266 0.003188 6.994883 -0.018242 
353 0.340552 0.000000 -0.179999 97.657385 -0.003831 5.979083 0.042729 
354 0.340552 0.000000 -0.258121 97.608328 -0.002880 6.880342 0.042528 
355 0.419069 0.000000 -0.179999 98.304117 -0.003915 6.219238 0.029762 
356 -0.130552 0.000000 -0.179999 96.494721 -0.000833 12.387254 0.053532 
357 -0.209069 0.000000 -0.179999 97.535923 -0.000545 12.336141 0.033456 
358 -0.130552 0.000000 -0.258121 96.801114 -0.000827 11.391200 0.049978 
359 0.340552 0.000000 0.132488 101.542658 0.005681 4.682931 -0.033284 
360 0.419069 0.000000 0.132488 100.818836 0.005869 5.261957 -0.019213 
361 0.340552 0.000000 0.210610 101.901550 0.004354 5.649394 -0.041584 
362 0.222776 0.000000 0.093427 104.018989 0.006432 2.665223 -0.082705 
363 0.262035 0.000000 0.093427 102.614963 0.006529 3.116049 -0.053954 
364 0.222776 0.000000 0.132488 104.094120 0.005288 4.034108 -0.085186 
365 0.203147 0.000000 0.034836 99.763640 0.000631 -4.668001 0.002543 
366 0.222776 0.000000 0.034836 99.664373 0.000603 -5.086027 0.004115 
367 0.203147 0.000000 0.054366 99.664373 0.000603 -5.086027 0.004115 
368 0.124629 0.000000 -0.004225 100.223136 0.000710 -2.219807 -0.004960 
369 0.124629 0.000000 -0.023755 100.099381 0.000700 -2.972492 -0.002872 
370 0.124629 0.000000 0.015306 100.223136 0.000710 -2.219807 -0.004960 
371 0.124629 0.000000 0.034836 100.099381 0.000700 -2.972492 -0.002872 
372 0.105000 0.000000 0.034836 100.560974 0.000740 0.040580 -0.011251 
373 0.124629 0.000000 0.054366 100.279074 0.000906 -2.164300 -0.006058 
374 0.065741 0.000000 0.093427 101.009492 0.000899 1.934268 -0.020666 
375 0.065741 0.000000 0.132488 108.762904 0.003310 8.497859 -0.190158 
376 0.085371 0.000000 0.034836 100.750886 -0.000080 2.277026 -0.015593 
377 0.065741 0.000000 0.034836 100.889467 -0.000818 4.384653 -0.019791 
378 0.085371 0.000000 0.054366 100.821158 0.000342 2.224539 -0.016985 
379 0.046112 0.000000 0.034836 100.967463 -0.000899 5.150729 -0.022096 
380 0.046112 0.000000 0.054366 101.035043 -0.001087 5.963016 -0.024364 
1 19 21 3 22 
2 20 19 22 9 
3 28 20 9 30 
4 29 28 30 4 
5 35 37 19 38 
6 36 35 38 20 
7 44 36 20 46 
8 45 44 46 28 
9 51 53 35 54 
10 52 51 54 36 
11 60 52 36 62 
12 61 60 62 44 
13 67 69 51 70 
14 68 67 70 52 
15 76 68 52 78 
16 77 76 78 60 
17 83 85 67 86 
18 84 83 86 68 
19 92 84 68 94 
20 93 92 94 76 
21 99 101 83 102 
22 100 99 102 84 
23 10 109 108 26 
24 109 13 110 108 
25 108 110 8 111 
26 26 108 111 14 
27 23 113 112 42 
28 113 26 114 112 
29 112 114 14 115 
30 42 112 115 27 
31 39 117 116 58 
32 117 42 118 116 
33 116 118 27 119 
34 58 116 119 43 
35 55 121 120 74 
36 121 58 122 120 
37 120 122 43 123 
38 74 120 123 59 
39 71 125 124 90 
40 125 74 126 124 
41 124 126 59 127 
42 90 124 127 75 
43 87 129 128 106 
44 129 90 130 128 
45 128 130 75 131 
46 106 128 131 91 
47 132 100 84 134 
48 133 132 134 92 
49 135 137 99 138 
50 136 135 138 100 
51 141 106 142 139 
52 139 142 91 143 
53 7 154 152 153 
54 154 12 155 152 
55 152 155 10 25 
56 153 152 25 11 
57 11 158 156 157 
58 158 25 159 156 
59 156 159 23 41 
60 157 156 41 24 
61 24 162 160 161 
62 162 41 163 160 
63 160 163 39 57 
64 161 160 57 40 
65 40 166 164 165 
66 166 57 167 164 
67 164 167 55 73 
68 165 164 73 56 
69 56 170 168 169 
70 170 73 171 168 
71 168 171 71 89 
72 169 168 89 72 
73 72 174 172 173 
74 174 89 175 172 
75 172 175 87 105 
76 173 172 105 88 
77 105 178 176 177 
78 178 87 179 176 
79 176 179 106 141 
80 177 176 141 103 
81 103 182 180 181 
82 182 141 183 180 
83 180 183 139 184 
84 181 180 184 140 
85 88 187 185 186 
86 187 105 177 185 
87 185 177 103 150 
88 186 185 150 104 
89 150 190 188 189 
90 190 103 181 188 
91 189 188 191 148 
92 192 136 100 194 
93 193 192 194 132 
94 17 201 199 200 
95 201 7 153 199 
96 199 153 11 33 
97 200 199 33 15 
98 33 204 202 203 
99 204 11 157 202 
100 202 157 24 49 
101 203 202 49 31 
102 49 207 205 206 
103 207 24 161 205 
104 205 161 40 65 
105 206 205 65 47 
106 65 210 208 209 
107 210 40 165 208 
108 208 165 56 81 
109 209 208 81 63 
110 81 213 211 212 
111 213 56 169 211 
112 211 169 72 97 
113 212 211 97 79 
114 97 216 214 215 
115 216 72 173 214 
116 214 173 88 146 
117 215 214 146 95 
118 146 219 217 218 
119 219 88 186 217 
120 217 186 104 197 
121 218 217 197 144 
122 197 222 220 221 
123 222 104 223 220 
124 220 223 149 224 
125 221 220 224 195 
126 16 227 225 226 
127 227 15 32 225 
128 225 32 18 228 
129 226 225 228 6 
130 32 231 229 230 
131 231 31 48 229 
132 229 48 34 232 
133 230 229 232 18 
134 48 235 233 234 
135 235 47 64 233 
136 233 64 50 236 
137 234 233 236 34 
138 64 239 237 238 
139 239 63 80 237 
140 237 80 66 240 
141 238 237 240 50 
142 80 243 241 242 
143 243 79 96 241 
144 241 96 82 244 
145 242 241 244 66 
146 96 247 245 246 
147 247 95 145 245 
148 245 145 98 248 
149 246 245 248 82 
150 145 251 249 250 
151 250 249 252 98 
152 144 255 253 254 
153 255 197 221 253 
154 253 221 195 256 
155 254 253 256 196 
156 95 259 257 258 
157 259 146 218 257 
158 257 218 144 251 
159 258 257 251 145 
160 251 262 260 261 
161 262 144 254 260 
162 261 260 263 249 
163 6 228 264 265 
164 228 18 45 264 
165 264 45 28 266 
166 265 264 266 29 
167 18 232 267 268 
168 232 34 61 267 
169 267 61 44 269 
170 268 267 269 45 
171 34 236 270 271 
172 236 50 77 270 
173 270 77 60 272 
174 271 270 272 61 
175 50 240 273 274 
176 240 66 93 273 
177 273 93 76 275 
178 274 273 275 77 
179 66 244 276 277 
180 244 82 133 276 
181 276 133 92 278 
182 277 276 278 93 
183 82 248 279 280 
184 248 98 193 279 
185 279 193 132 281 
186 280 279 281 133 
187 98 252 282 283 
188 252 147 284 282 
189 282 284 192 285 
190 283 282 285 193 
191 249 263 286 287 
192 263 196 288 286 
193 286 288 147 289 
194 287 286 289 252 
195 260 292 290 291 
196 292 254 293 290 
197 290 293 196 294 
198 291 290 294 263 
199 5 151 295 296 
200 151 107 297 295 
201 295 297 135 298 
202 296 295 298 136 
203 148 191 299 300 
204 191 140 301 299 
205 299 301 107 302 
206 300 299 302 151 
207 188 305 303 304 
208 305 181 306 303 
209 303 306 140 307 
210 304 303 307 191 
211 12 309 308 155 
212 309 2 310 308 
213 308 310 13 109 
214 155 308 109 10 
215 1 313 311 312 
216 313 17 200 311 
217 311 200 15 227 
218 312 311 227 16 
219 14 111 314 37 
220 111 8 315 314 
221 314 315 21 316 
222 37 314 316 19 
223 25 318 317 159 
224 318 10 319 317 
225 317 319 26 113 
226 159 317 113 23 
227 15 322 320 321 
228 322 33 203 320 
229 320 203 31 231 
230 321 320 231 32 
231 27 115 323 53 
232 115 14 324 323 
233 323 324 37 325 
234 53 323 325 35 
235 41 327 326 163 
236 327 23 328 326 
237 326 328 42 117 
238 163 326 117 39 
239 31 331 329 330 
240 331 49 206 329 
241 329 206 47 235 
242 330 329 235 48 
243 43 119 332 69 
244 119 27 333 332 
245 332 333 53 334 
246 69 332 334 51 
247 57 336 335 167 
248 336 39 337 335 
249 335 337 58 121 
250 167 335 121 55 
251 47 340 338 339 
252 340 65 209 338 
253 338 209 63 239 
254 339 338 239 64 
255 59 123 341 85 
256 123 43 342 341 
257 341 342 69 343 
258 85 341 343 67 
259 73 345 344 171 
260 345 55 346 344 
261 344 346 74 125 
262 171 344 125 71 
263 63 349 347 348 
264 349 81 212 347 
265 347 212 79 243 
266 348 347 243 80 
267 75 127 350 101 
268 127 59 351 350 
269 350 351 85 352 
270 101 350 352 83 
271 89 354 353 175 
272 354 71 355 353 
273 353 355 90 129 
274 175 353 129 87 
275 79 358 356 357 
276 358 97 215 356 
277 356 215 95 247 
278 357 356 247 96 
279 91 131 359 137 
280 131 75 360 359 
281 359 360 101 361 
282 137 359 361 99 
283 107 143 362 297 
284 143 91 363 362 
285 362 363 137 364 
286 297 362 364 135 
287 140 184 365 301 
288 184 139 366 365 
289 365 366 143 367 
290 301 365 367 107 
291 104 369 368 223 
292 369 150 189 368 
293 368 189 148 370 
294 223 368 370 149 
295 149 370 371 372 
296 370 148 300 371 
297 371 300 151 373 
298 372 371 373 5 
299 147 198 374 284 
300 198 5 296 374 
301 374 296 136 375 
302 284 374 375 192 
303 195 224 376 377 
304 224 149 372 376 
305 376 372 5 378 
306 377 376 378 198 
307 196 256 379 288 
308 256 195 377 379 
309 379 377 198 380 
310 288 379 380 147 
